design = [
    [0.28757752, 0.96302423],
    [0.78830514, 0.90229905],
    [0.40897692, 0.69070528],
    [0.88301740, 0.79546742], [0.94046728, 0.02461368], [0.04555650, 0.47779597], [0.52810549, 0.75845954],
    [0.89241904, 0.21640794], [0.55143501, 0.31818101], [0.45661474, 0.23162579], [0.95683335, 0.14280002],
    [0.45333416, 0.41454634], [0.67757064, 0.41372433], [0.57263340, 0.36884545], [0.10292468, 0.15244475],
    [0.89982497, 0.13880606], [0.24608773, 0.23303410], [0.04205953, 0.46596245], [0.32792072, 0.26597264],
    [0.95450365, 0.85782772], [0.88953932, 0.04583117], [0.69280341, 0.44220007], [0.64050681, 0.79892485],
    [0.99426978, 0.12189926], [0.65570580, 0.56094798], [0.70853047, 0.20653139], [0.54406602, 0.12753165],
    [0.59414202, 0.75330786], [0.28915974, 0.89504536], [0.14711365, 0.37446278]]

response = [0.94917419, 0.99283162, 0.89106316, 0.9942072, 0.82209501,
          0.49978668, 0.9598775, 0.89517647, 0.76408128, 0.63517921,
          0.891041, 0.76296051, 0.88722508, 0.80842943, 0.25260288,
          0.86171042, 0.46100007, 0.48644999, 0.55959195, 0.97097195,
          0.80481903, 0.90653564, 0.99138406, 0.89842476, 0.93794419,
          0.79260031, 0.62223748, 0.97516169, 0.92619966, 0.49824758]

theta = [1.320117, 1.282131]

k_inv = [
    [324680.2, -15379.02, 909032.9, 56766.42, -201396.3, 169278.1, -860284.4, 80548.49, 543081.4, -16036.91, 43442.57,
     -1016974, 213424.1, 375989.6, -21320.41, -349517.2, 93158.79, -117402.3, 189298.9, -27902.25, 381956.5, -121174.9,
     1607.729, 74527.53, -317038.3, -161907.4, -171640.6, 582086.3, -526970.4, -113834.7], [
        -15379.02, 344461.5, -620218.2, 358420.2, 12271.9, 477913.1, 1209734, 33197.17, 109777.6, -253989.9, -13471.3,
        -49799.64, -81282.56, 120755.5, -18347.77, -97123.57, 67804.05, -463888.8, 77915.11, -241008.4, -13721.91,
        -179990.4, -1887973, 38412.04, 62752.9, 134125.5, 20740.67, 830878.7, 20781.59, 16202.38],
    [
        909032.9, -620218.2, 4647809, -491395.4, -1189746, -2235997, -5775262, 146685.2, 2211762, 357223.4, 298446.1,
        -4069939, 575849.9, 1659636, -112750.8, -1065574, 349998.4, 2354710, 416522.4, 312922.5, 1986087, 258207.1,
        3818528, 221649.3, -1241190, -1521718, -582214.4, 301399.4, -1497899, -422449.5],
    [
        56766.42, 358420.2, -491395.4, 856466.8, -265903.9, 381193.3, 1688255, -470778.4, 88908.37, -949380.6, 216919.9,
        -211888.3, 629154.6, 1173380, -151658.6, 137182.2, 983986.8, -275109.2, -476984.3, -486349.2, 228430.8,
        -479010.6, -2120815, 54833.73, -731557.3, -176056, 225274.4, 595250.4, -130989.1, -256832.5],
    [
        -201396.3, 12271.9, -1189746, -265903.9, 3463510, 140426.2, 193844.4, 2045899, 32170.47, -1547479, 1181906,
        1797138, -2371356, 120829.4, 16934.76, -361510.6, 94337.36, -270045.9, -468628.1, 125116.3, -4237104, -1739231,
        -238668.4, -2065551, 2425425, 1341970, 1040188, 173483.1, 454444.6, 297061.9],
    [
        169278.1, 477913.1, -2235997, 381193.3, 140426.2, 8870636, 3964841, 165608.3, 1110966, 1804094, 243877.7,
        -1610060, -282996.9, 433360.9, 413498.2, 745218.5, -1901705, -9429716, -201251, -203536.3, -176178.2, -397512.9,
        -3867554, -545014.4, 512593.6, -1397161, -144764.7, 1305493, -314791.6, 1969254],
    [
        -860284.4, 1209734, -5775262, 1688255, 193844.4, 3964841, 1.268139e+07, -1527493, -1061382, -1773439, 288108.1,
        2072383, -555118.7, 40846.25, -16122.6, 1627789, 157538.4, -3917089, 403640, -1017722, -1068419, -1668381,
        -5044534, -57595.64, 3359739, 1297988, 557520.5, -6563884, 1198338, 164109],
    [
        80548.49, 33197.17, 146685.2, -470778.4, 2045899, 165608.3, -1527493, 5819660, 919273.9, -293958.8, -6245303,
        -54210.94, -2464937, 1862992, -70325.7, -421091.7, 832689.4, -225371.9, -1341740, 175556.4, -1729366, -4126924,
        272380.1, 1944270, 3698674, 192759.2, 113638.1, 558232.2, 5903.754, 104166.7],
    [
        543081.4, 109777.6, 2211762, 88908.37, 32170.47, 1110966, -1061382, 919273.9, 2.161921e+07, -7557605, -122148.1,
        -4333520, -1968295, -9513398, -322631.9, 1981171, 2304807, -1164222, -719669.2, -115273.4, -46795.83, 270437.4,
        286891.8, -909747.8, 1505080, -5615083, 1920336, -503028.6, -954956.9, 3568.393],
    [
        -16036.91, -253989.9, 357223.4, -949380.6, -1547479, 1804094, -1773439, -293958.8, -7557605, 1.477667e+07,
        -869205.8, 1642361, 2639183, -885021.7, 213065.4, 828626.6, 80535.21, -2534475, -8725462, 505533.3, 2287797,
        1057530, 1575485, 424796.7, -882355.6, -1437686, -3305612, 366599.3, 55588.17, 2416395],
    [
        43442.57, -13471.3, 298446.1, 216919.9, 1181906, 243877.7, 288108.1, -6245303, -122148.1, -869205.8,
        2.201056e+07, -492645.7, 997594.6, -464030.2, -41547.93, -8096071, 48851.04, -361055.3, 230881.4, -96435.67,
        -1008982, 1210724, 145027.2, -1.063511e+07, -996407.8, 2630851, 235666.3, -502460.4, -111541.9, 273056.9],
    [
        -1016974, -49799.64, -4069939, -211888.3, 1797138, -1610060, 2072383, -54210.94, -4333520, 1642361, -492645.7,
        1.040989e+07, 100200.5, -7623441, -179204.8, -578185, 2757246, 1855760, -4807337, 129637.4, -2584234, 1486643,
        -537442.9, 313951.8, -159270.2, 4876644, -204737.7, 205313.4, 1808313, -942237.9],
    [
        213424.1, -81282.56, 575849.9, 629154.6, -2371356, -282996.9, -555118.7, -2464937, -1968295, 2639183, 997594.6,
        100200.5, 2.076761e+07, -5273322, 134401.1, -167252.2, -1331934, 329447.7, 1142411, -221555.1, 2969942,
        -1.252928e+07, -983405.6, 629646.3, -2420319, -1494505, -681625, 2080684, -404815.1, 22281.72],
    [
        375989.6, 120755.5, 1659636, 1173380, 120829.4, 433360.9, 40846.25, 1862992, -9513398, -885021.7, -464030.2,
        -7623441, -5273322, 2.211732e+07, -237382.1, 89910.41, 63413.68, -594100.9, 1526253, -606125.7, 124450.9,
        -1834914, -350809.2, -395496.3, 255600.3, -2114943, 818979.8, -794571.1, -682991.2, 586279.3],
    [
        -21320.41, -18347.77, -112750.8, -151658.6, 16934.76, 413498.2, -16122.6, -70325.7, -322631.9, 213065.4,
        -41547.93, -179204.8, 134401.1, -237382.1, 156681, 152212.7, -1079205, -469862.8, 1082863, 82345.21, -50218.73,
        109286.6, 25274.97, -7467.829, 91587.77, 8125.615, -44863.88, 102997.8, 37549.83, 196189.7],
    [
        -349517.2, -97123.57, -1065574, 137182.2, -361510.6, 745218.5, 1627789, -421091.7, 1981171, 828626.6, -8096071,
        -578185, -167252.2, 89910.41, 152212.7, 9272813, -1129631, -1103927, -725556.4, 1461.916, -1111614, 1903338,
        -27105.94, 2802621, -1101527, -5250089, 1177199, -861374.5, 522560.2, 1204410],
    [
        93158.79, 67804.05, 349998.4, 983986.8, 94337.36, -1901705, 157538.4, 832689.4, 2304807, 80535.21, 48851.04,
        2757246, -1331934, 63413.68, -1079205, -1129631, 8205594, 2214395, -9720760, -532949.1, 160209.8, -300537.9,
        9871.582, 49762.3, -621244.3, 151339.2, -9403.089, -710149.5, -145458.6, -1143127],
    [
        -117402.3, -463888.8, 2354710, -275109.2, -270045.9, -9429716, -3917089, -225371.9, -1164222, -2534475,
        -361055.3, 1855760, 329447.7, -594100.9, -469862.8, -1103927, 2214395, 1.014886e+07, 632801.7, 146931.4,
        366932.1, 484227.9, 3819984, 801273.8, -696575.3, 1922952, 121683.3, -1359982, 223298.1, -2440383],
    [
        189298.9, 77915.11, 416522.4, -476984.3, -468628.1, -201251, 403640, -1341740, -719669.2, -8725462, 230881.4,
        -4807337, 1142411, 1526253, 1082863, -725556.4, -9720760, 632801.7, 1.82905e+07, 264361.6, 296333.5, -153319.3,
        -719577.1, 782655.5, 461419.1, 2132903, 1129778, 481332.6, -379681.6, -1101033],
    [
        -27902.25, -241008.4, 312922.5, -486349.2, 125116.3, -203536.3, -1017722, 175556.4, -115273.4, 505533.3,
        -96435.67, 129637.4, -221555.1, -606125.7, 82345.21, 1461.916, -532949.1, 146931.4, 264361.6, 287325.1,
        -121168.1, 288294.1, 1332133, -37395.49, 281823.6, 50217.36, -101825.4, -372876.3, 64779.22, 133842.8],
    [
        381956.5, -13721.91, 1986087, 228430.8, -4237104, -176178.2, -1068419, -1729366, -46795.83, 2287797, -1008982,
        -2584234, 2969942, 124450.9, -50218.73, -1111614, 160209.8, 366932.1, 296333.5, -121168.1, 5619224, 1374347,
        409489.6, 2413734, -2638282, -1207919, -1632008, 238547.3, -765160.6, -466553.1],
    [
        -121174.9, -179990.4, 258207.1, -479010.6, -1739231, -397512.9, -1668381, -4126924, 270437.4, 1057530, 1210724,
        1486643, -1.252928e+07, -1834914, 109286.6, 1903338, -300537.9, 484227.9, -153319.3, 288294.1, 1374347,
        1.828851e+07, -72871.63, 337233.3, -6155688, 348386.8, -534695.8, 3021248, 124818.7, -269809.6],
    [
        1607.729, -1887973, 3818528, -2120815, -238668.4, -3867554, -5044534, 272380.1, 286891.8, 1575485, 145027.2,
        -537442.9, -983405.6, -350809.2, 25274.97, -27105.94, 9871.582, 3819984, -719577.1, 1332133, 409489.6,
        -72871.63, 1.270944e+07, -186520.3, 2617347, -485534.7, -426124.2, -9801472, -47970.72, -224917.4],
    [
        74527.53, 38412.04, 221649.3, 54833.73, -2065551, -545014.4, -57595.64, 1944270, -909747.8, 424796.7,
        -1.063511e+07, 313951.8, 629646.3, -395496.3, -7467.829, 2802621, 49762.3, 801273.8, 782655.5, -37395.49,
        2413734, 337233.3, -186520.3, 6210827, -677775.1, -278148.2, -713079.4, 284254.1, -150272.9, -724989.5],
    [
        -317038.3, 62752.9, -1241190, -731557.3, 2425425, 512593.6, 3359739, 3698674, 1505080, -882355.6, -996407.8,
        -159270.2, -2420319, 255600.3, 91587.77, -1101527, -621244.3, -696575.3, 461419.1, 281823.6, -2638282, -6155688,
        2617347, -677775.1, 8193154, 1376726, 238696.2, -7492933, 565959.8, 485854.3],
    [
        -161907.4, 134125.5, -1521718, -176056, 1341970, -1397161, 1297988, 192759.2, -5615083, -1437686, 2630851,
        4876644, -1494505, -2114943, 8125.615, -5250089, 151339.2, 1922952, 2132903, 50217.36, -1207919, 348386.8,
        -485534.7, -278148.2, 1376726, 7264942, -729770.4, -534799.3, 352652.8, -1676549],
    [
        -171640.6, 20740.67, -582214.4, 225274.4, 1040188, -144764.7, 557520.5, 113638.1, 1920336, -3305612, 235666.3,
        -204737.7, -681625, 818979.8, -44863.88, 1177199, -9403.089, 121683.3, 1129778, -101825.4, -1632008, -534695.8,
        -426124.2, -713079.4, 238696.2, -729770.4, 1329128, 72312.76, 293480.3, -12316.74],
    [
        582086.3, 830878.7, 301399.4, 595250.4, 173483.1, 1305493, -6563884, 558232.2, -503028.6, 366599.3, -502460.4,
        205313.4, 2080684, -794571.1, 102997.8, -861374.5, -710149.5, -1359982, 481332.6, -372876.3, 238547.3, 3021248,
        -9801472, 284254.1, -7492933, -534799.3, 72312.76, 1.870069e+07, -684461.9, 281701.3],
    [
        -526970.4, 20781.59, -1497899, -130989.1, 454444.6, -314791.6, 1198338, 5903.754, -954956.9, 55588.17,
        -111541.9, 1808313, -404815.1, -682991.2, 37549.83, 522560.2, -145458.6, 223298.1, -379681.6, 64779.22,
        -765160.6, 124818.7, -47970.72, -150272.9, 565959.8, 352652.8, 293480.3, -684461.9, 871538.2, 197839.8],
    [
        -113834.7, 16202.38, -422449.5, -256832.5, 297061.9, 1969254, 164109, 104166.7, 3568.393, 2416395, 273056.9,
        -942237.9, 22281.72, 586279.3, 196189.7, 1204410, -1143127, -2440383, -1101033, 133842.8, -466553.1, -269809.6,
        -224917.4, -724989.5, 485854.3, -1676549, -12316.74, 281701.3, 197839.8, 1442651]]
